
                                                              8                         9                                                                                                                   333                                                                                           8                       8                                        
                                                             444                   444                                             8 8 8 8 8 8 8 8 8                                                        444                                                                                         8                      1111111                                     
                                 8              8                    88                 8                                                                                                               8                                                                                              11111           8   11111 1111111  8                                
                       1111111111111111   44   44   44   44         4444      444        8                                        8 8 8 8 8 8 8 8 8 8                                                  444                                                                                       8  1111 111111        4    111 2 111 1                                                            6
                         111111111111111                                4444              8                                     111111111111111111111                                              8         8                                                                                  44  11112  111   444         11212   21     8                           444                 6    444
11111111111111111111       11111111111111         4                                                                            1111111111111111111111                                             444       444                                                                                       11122111                11112221                                                    444                                                                                 
1111111111111111111111       1111111111111          33333333333333333333333333333333333                         9   9        111111111111111111111111                                         8        3                                 8333                                           8   6          111111                 111 111         8                444  444              6
111111111111111111111111       1111111111111111111111111111111111111111111111111111111111111111           1111111111111111111111111111111111111111111                                        444       444    1                          1111                  8                  888911111 4           11 1                   112 11                      44                   444444
11111111111111111111111111       111111111111111111111111111111111111111111111111111111111111    8      111111111111111111111111111111111111111111111                                    8         3          12                      8                    9  1111           888 111111111133333333333   121                    1121                  444                  
1111111111111111111111111111       1111111111111111111111111111111111111111111111111111111        8   11111111111111111111111111111111111111111111111                                   444       444       4111                      1       8        8  51111          8  11111111111111111111111111    1                      111                                       
111111111111111111111111111111                                                                     8                  8 8 8                    888                    8           888         8         8                          9  1       1       111111           1111111                                                   11               11                     1 
11111111111111111111111111111111               888        888     888    88                     11111111111111111111111111111111111111111111111111111 8                8         44444       444       444                         1  1       15511  9    1111    22222111                                                        1             1111    5                1 
1111111111111111111111111111111111            8   8      8   8   8   8  8  8                  1111111111122222222122222222222122222222222222122221111               8    8               9         8          2                 8  1  12111111111111111           111111                                                          1           111111  551     55    5    1 
111111111111111111111111111111111111         8  2  8    8  6  8 8  3  88 22 8     9       11111111111111111111111111111111111111111111111111111111111   88            111111111         444       444       444                 1  1  11111111111111111                                                                                 111111111111111111111111111111111111
11111111111111111111111111111111111111111111111111111111111111111111111111111111111111111111111111111111122212222222222212222222222222221222212221111              6  111111111                        2                   888         31222222222222211111111111111111111         33                                                   111111111111111111111111111111111111
11111111111111111111111111111111111111111111111111111111111111111111111111111111111111111111111111111111111111111111111111111111111111111111111111111      8    111111111111111            55111       444               11111111111111111111111111111111111111111111111111111111111111111111   2     1111   3     2    333222333       111111111111111111111111111111111111
11111111111111111111111111111111111111111111111111111111111111111111111111111111111111111111111111111111111111111111111111111111111111111111111111111       1111111111111111111            111                           111111111111111111111111111111111111111111111111111111111111111111111111111111111111111111111111111111111      111111111111111111111111111111111111
