

                                                                                                                                                                                                                      3333333333333333333333333                                                                           1                        33
                                                                                                                                                                                                                 5    1111111111111111111111111                                                                                             444   444
                                                                                                                                                                                                                 4                                                                                                                    5    
                                                                                                                                   44        44       5555                                                4444                                         6                                                                  1   44   4444444     
                                                                                                                         444      5555      5555      4444      5            5                      4444                                            4444                                                              1   1                   
                                                                                                                    444       1111111111111111111111        1111111111    4444        5                                    6    6    6         6                                 4     4     4                    1   1   1  4441444441    6        44
                                                                                                              444               111111111111111111111111111111111               4444444         444           1111111111111151151511515111111111             111111111111  444    44    44    44    11111111111   1   1   1     1     144441       5555
                                                                                                        444                     111111111111111111111111111111111                        44444                      111111111111111111111111111                 11111111122222222222222222222222222211111111111222122212221222221     1    12222111111111111
                                       1 4 4 4 4  44 4  44                         5              444                           111111111111111111111111111111111                                                   1111111111111111111111111113333333333333333311111111111111111111111111111111111111111111111111111111111111111111111111111111111111111111
                                   1   1                                5      111111111   11111                                111111111111111111111111111111111                                                   1111111111111111111111111111111111111111111111111111111111111111111111111111111111111111111111111111111111111111111111111111111111111111
           5        5        55155515551222222222222222222211111133311111111133111111111333111113333333333333333333333333333333311111111111111111111111111111111155555555555555555555555555555555555555555555555555511111111111111111111111111111111111111111111111111111                            1111111111111111111111111111111111111111111111111111111
1111111111111111111111111111111111111111111111111111111111111111111111111111111111111111111111111111111111111111111111111111111111111111111111111111111111111111111111111111111111111111111111111111111111111111111111111111111111111111111111111111111111111111111111111
1111111111111111111111111111111111111111111111111111111111111111111111111111111111111111111111111111111111111111111111111111111111111111111111111111111111111111111111111111111111111111111111111111111111111111111111111111111111111111111111111111111111111111111111111
11111111111111111111111111111111111111111111111111111111111111111111111111111111111111111111111111111111111111111111111111111111111111111111111111111111 
1111111111111111111111111111111111111111111111111111111111111111111111111111111111111111111111111111111111111
